1480906168 -226 361
1480906168 -224 270
1480906175 -222 326
1480906179 -218 236
1480906187 -218 145
1480906189 -216 109
1480906189 -212 145
1480906190 -208 153
1480906197 -204 90
1480906197 -201 48
1480906197 -201 48
1480906198 -197 38
1480906203 -193 60
1480906209 -190 117
1480906213 -188 108
1480906219 -186 104
1480906225 -185 94
1480906225 -181 186
1480906233 -181 234
1480906240 -179 221
1480906246 -175 283
1480906198 -197 38
1480906203 -193 60
1480906209 -190 117
1480906213 -188 108
1480906219 -186 104
1480906225 -185 94
1480906225 -181 186
1480906233 -181 234
1480906240 -179 221
1480906246 -175 283
1480906253 -175 224
1480906260 -177 146
1480906261 -180 126
1480906261 -184 51
1480906262 -185 38
1480906271 -187 52
1480906273 -191 25
1480906277 -193 110
1480906279 -194 42
1480906280 -197 0
1480906284 -199 0
1480906291 -203 0
1480906293 -205 0
1480906295 -208 0
1480906302 -209 0
1480906309 -210 0
1480906312 -213 0
1480906320 -209 0
1480906323 -206 41
1480906330 -202 102
1480906331 -202 130
1480906339 -202 114
1480906341 -200 165
1480906344 -196 256
1480906348 -192 299
1480906349 -191 205
1480906349 -190 176
1480906354 -186 206
1480906359 -184 189
1480906367 -183 258
1480906376 -180 310
1480906383 -177 282
1480906386 -175 286
1480906392 -175 266
1480906400 -175 240
1480906403 -174 217
1480906404 -170 120
1480906406 -169 49
1480906410 -172 0
1480906419 -173 13
1480906419 -173 0
1480906421 -177 91
1480906425 -175 46
1480906425 -176 6
1480906425 -176 6
1480906426 -177 0
1480906431 -181 86
1480906436 -183 6
1480906436 -184 29
1480906436 -186 0
1480906442 -187 48
1480906443 -190 24
1480906449 -191 84
1480906458 -193 174
1480906462 -196 190
1480906469 -200 172
1480906478 -201 255
1480906485 -200 332
1480906492 -198 415
1480906495 -194 350
1480906426 -177 0
1480906431 -181 86
1480906436 -183 6
1480906436 -184 29
1480906436 -186 0
1480906442 -187 48
1480906443 -190 24
1480906449 -191 84
1480906458 -193 174
1480906462 -196 190
1480906469 -200 172
1480906478 -201 255
1480906485 -200 332
1480906492 -198 415
1480906495 -194 350
1480906500 -196 418
1480906505 -197 469
1480906506 -199 458
1480906510 -203 412
1480906516 -206 509
1480906520 -208 512
1480906528 -210 506
1480906529 -211 559
1480906529 -215 541
1480906532 -219 552
1480906532 -220 480
1480906532 -221 479
1480906535 -221 528
1480906538 -222 596
1480906547 -224 507
1480906553 -227 603
1480906562 -228 661
1480906567 -232 700
1480906575 -228 760
1480906577 -224 756
1480906580 -220 853
