          1480906168           -224     270
          1480906168           -226     361
          1480906175           -222     326
          1480906179           -218     236
          1480906187           -218     145
          1480906189           -212     145
          1480906189           -216     109
          1480906190           -208     153
          1480906197           -201      48
          1480906197           -201      48
          1480906197           -204      90

          1480906168           -226     361
          1480906168           -224     270
          1480906175           -222     326
          1480906187           -218     145
          1480906179           -218     236
          1480906189           -216     109
          1480906189           -212     145
          1480906190           -208     153
          1480906197           -204      90
          1480906197           -201      48
          1480906197           -201      48

          1480906197           -201      48
          1480906197           -201      48
          1480906197           -204      90
          1480906189           -216     109
          1480906189           -212     145
          1480906187           -218     145
          1480906190           -208     153
          1480906179           -218     236
          1480906168           -224     270
          1480906175           -222     326
          1480906168           -226     361

Totals: 11
