1480906168 -224 270
1480906168 -226 361
1480906175 -222 326
1480906179 -218 236
1480906187 -218 145
1480906189 -212 145
1480906189 -216 109
1480906190 -208 153
1480906197 -201 48
1480906197 -204 90
1480906198 -197 38
1480906203 -193 60
1480906209 -190 117
1480906213 -188 108
1480906219 -186 104
1480906225 181 186
1480906225 85 94
1480906233 -181 234
1480906240 -179 221
1480906246 -175 283
1480906253 -175 224
1480906260 -177 146
1480906261 -180 126
1480906261 -184 51
1480906262 -185 38
1480906271 -187 52
1480906273 -191 25
1480906277 -193 110
1480906279 -194 42
1480906280 -197 0
